1000
570.36514627963811
713.41047136183431
553.58400315805898
583.62267439673019
294.57667081669962
405.12614034260179
691.75982184943234
278.25322439814482
303.58334772503565
705.16383659079486
729.47546564881145
509.24193325454212
745.79946775833207
708.37026178972837
306.22750753595363
334.77151641697532
653.86211006659403
384.08454603950446
398.80582698793336
390.49428001461416
624.58784110380839
769.68135445286111
339.0426750224961
725.74836473724793
719.88312442295501
351.91694478490848
454.43217968469588
491.61281156834474
362.29681130907807
284.70339087821901
360.62753804877968
526.1766427012567
283.54279200378159
473.68352960391121
644.90496040154449
745.93765689152292
687.19877885580536
336.70791178412162
520.00320193816572
604.59439850032959
420.71784592319574
735.91719434808454
361.50516446327964
702.13166074478056
687.02816330282599
405.1549173479379
289.34821098095949
322.3936176804483
264.61847183758022
388.8603807414226
674.2198639382832
433.89771841259687
520.71829023169255
603.17288634122121
602.33383537870122
683.82681062499967
721.46655675829334
315.84099353344453
390.73243509001281
385.46686258252686
304.98584516299042
421.52590152331612
470.09671969141118
453.58275362440759
492.66370244982062
379.60061708427889
387.1809709405407
638.84889124856977
249.98945520675494
687.24120601599509
662.64503417779383
419.02310888370499
682.59581814359331
735.10610289165356
750.40864549445871
580.63692510354463
687.61893841767403
610.95444826043672
418.16882643948446
741.48130692504526
683.48970213692257
430.31560809639035
293.28976748471518
691.2989081224996
768.50564024275707
397.7880337349647
777.9707344716312
300.36748722314007
668.82280889214917
334.44742152655124
730.80907521240727
501.35173155730354
328.64947100398018
296.931565256483
452.88115102536096
623.15704906319945
459.46685064490396
603.21599127303546
344.98726618531299
709.13146756838114
714.36826797768094
262.97485979717254
636.66183879355492
442.87884713587493
752.58678632186445
629.0945133525064
263.29302967635761
526.87129487845482
535.13140081946131
556.08541971069724
349.29686231880959
532.64122558611632
273.35772966420359
626.44349333911953
532.85626581558483
258.0600301062201
528.91807080592321
380.85508949831058
382.37696573656496
318.13940226531008
700.43751214432268
650.13022890810748
284.88573426911296
624.98205713684729
551.96767971852182
801.88057326785952
735.01485514071635
341.60535885905017
390.46665764034572
743.8274478707375
456.07918682581044
750.57205702837621
346.07658719745763
306.82927385209746
653.73325553958182
435.7704450388382
242.83313323064388
306.01343463178887
787.84150215563818
773.82879363010193
707.56941285481571
576.78732235462314
307.11473190678993
364.55524355778942
645.0177378137995
579.22303553902225
284.99383467360036
748.10172187228238
336.91721599450324
631.16738945596114
704.80067827294397
581.96208507169536
388.50420352358771
279.60195742244923
326.78174629458505
331.68977798534581
802.50422870237662
810.56495087148289
745.0942148413036
637.67434122892075
430.90893815219232
281.66454909542654
280.65280433070672
423.28909728178786
263.76123762800194
740.54428682160631
287.90265167227625
288.7716583863135
297.69818795598547
822.84098229831443
768.88804374888207
277.25345350198825
290.03334659712021
256.28421732009491
583.71447460867751
482.06946000361239
388.23839983922988
313.97720806003582
519.44857019242477
334.70655134450976
340.59758497178478
296.68727884327757
343.33958093349543
481.80466158444506
262.9906785297897
536.19424105190205
797.86155119274929
803.13767857951541
422.41348613430301
608.96052215312977
552.70915643290732
463.12338290780838
634.50989904625476
418.3750288166035
400.87788496720873
297.80104654084437
781.88698980573258
517.97967061110171
431.23725021288215
592.82842201187145
307.59192616293956
268.86903744691944
537.0138833662096
730.34345060376859
781.30465362736834
634.91325071871699
370.62905330389049
759.66676464074703
483.96633485585232
510.30190609293089
766.17552359143065
403.07726916608425
298.10701448311198
494.72160869986317
706.91505448915336
675.29916686136369
276.01610086186997
361.75725517081673
858.05570431839533
748.40402765679744
783.53730088223915
771.87259125388948
784.88403005240536
467.74796634483158
387.91378384516514
726.28638834899334
515.12335721308273
293.88695865037795
525.40625154160352
653.86259541734228
840.46364215489473
257.9111619272872
776.80441347482076
270.31334608418695
268.61312398780774
699.03713033632425
400.36482557038238
647.71063067230591
691.16100539682429
492.11507796093798
498.73838637220535
672.30197591075103
352.46073711286158
461.00516781412995
807.24560030046393
308.87169916842072
363.84493839726321
719.35840417565339
258.64553761588161
515.80823366736502
436.72942693865178
380.43146734584775
485.12047182104845
308.76648699161456
454.74441868388021
439.11386498288448
799.7996946488604
623.62658403307682
724.14085519312459
750.96385979022466
793.20039205334717
656.57220732189114
677.89226285685743
842.18925339902626
845.07833834984444
670.00663443663086
518.02869903816486
351.73292185534075
545.70984011872383
702.64818515628929
848.8820640235042
410.49530548411758
574.94002224198573
814.62716619285277
715.12967625034946
423.62933773234249
801.38337604963294
300.65550770765179
365.1535788897782
381.36071289246127
511.92318289792695
502.8969756752133
703.25418867445592
412.65055486975507
773.54547655278589
411.44472332863603
336.30778318222514
863.03675925454661
291.87091409543081
723.3834617021239
793.15851837289563
515.87643976766151
634.58676735239965
245.94578613036043
417.28154071526905
819.72530056982657
799.7659190884284
611.42406756526464
373.19820156981791
324.16403638822158
396.17057279653523
803.56196361647369
771.22034865147282
698.23084176396299
790.29603112288657
287.15821103088018
560.26563122218647
679.73941771240663
632.78418306375056
712.79976457187934
614.32253145753759
753.90431562953631
714.08477782089199
431.14915670446618
478.66430404403974
862.38527444892122
551.70579930386725
735.25552722851091
758.30319505299019
344.35362118609862
537.62681237750564
429.17646382010406
275.49457427900472
888.1112686443596
514.87788774470471
848.38514014879468
580.48612077494204
846.16457103011942
810.78350973833574
581.56222965878294
463.01675851025163
514.34628002809688
607.84117363768496
817.07287304387842
374.73070336619645
416.71402454635427
363.49908175842324
415.61038424253218
341.52248170277841
791.67514346205508
291.37094644581384
801.05981633169688
368.31768251638664
547.69881314490567
301.08271874242399
345.54816291644931
375.10715031087869
776.30402213737887
276.47793534635071
453.96825094483626
761.00059323260723
346.9473681454578
419.87864404264155
369.91292323686071
399.95108432218211
281.4785397363168
553.03157466092591
840.96917569808977
439.47809618077486
863.45389663339358
389.8722333972762
851.58633817638963
620.63192354040689
552.70529737721665
707.75310487162562
739.41665706640561
438.37539253367072
804.3040422232873
443.55545026491916
547.16112256010695
818.25866633797943
737.17614520711118
682.69473306334692
765.48203329533021
273.2234276458662
583.38718184130892
701.58914407704253
307.03036492178569
709.78912387381308
339.47958198821061
623.1722038622944
467.22783252967633
768.66883206114107
461.46127597956917
702.93149752427803
514.90480986215448
891.02541991720022
287.3192230070465
388.94158854880607
265.48870707615674
758.48877509727447
469.91680485172799
797.07617982546992
581.20214480744653
291.73269751589129
567.8067600855037
587.26011373855977
851.96212335396751
359.26727994359641
480.17613005385329
794.19275919827351
614.39890040884836
492.91609669456227
366.87476320908064
839.38280638197523
464.12417497030162
393.35238005880251
428.257329093723
428.50252125780639
388.93060205610874
782.48215684960496
297.58295270452078
523.3642563154965
640.76923349874221
576.64760121922143
417.60498475565208
716.16004483448307
889.0963498221472
377.63416152907337
308.7079651981137
597.1498893343462
832.40966016479604
922.78915859254334
733.66956760688561
561.42230098937944
717.25116974143589
807.67785944391937
483.82662858197409
835.2437699145504
612.33384480448865
385.13782364715757
963.71101642442159
299.27756661141848
544.2335644532975
305.77930551219623
706.3792333524691
866.0294654337614
725.27847756909728
860.4416753628858
551.95819702455822
781.31283620969293
598.32978074393475
426.12011945706195
500.42619100616616
404.88516014385988
416.17411822358827
749.80723670140424
833.78875584704952
317.61252247281294
618.18659811728514
749.09863870381457
282.77590391069685
672.83121979195971
446.93885807778418
368.65719900620667
780.65429649110172
935.29763073006632
324.01567208864094
347.29089016065217
758.87793340233543
418.96301184694534
955.766778521893
759.98552796494312
424.49151378914507
566.30048387278759
292.79512729162514
935.65810137410369
418.81843682403809
929.67558263974047
688.4153522107315
407.11028977047221
884.40990642503459
760.27506892686654
956.75331113071491
461.64415444607653
604.51433917836187
361.51789397037857
283.01286054421291
554.46822035106868
970.23561608236992
755.38266687190401
388.12208686410679
746.0985838871278
530.46858043487248
855.3396966529109
845.58058620507722
722.95151321639889
565.66063688594465
788.41128870134457
374.48734091860814
352.01954095972854
951.96407003918091
518.83516641337553
475.8290393300897
348.03031814418722
808.89420129380323
985.32019331105471
440.72663513966626
730.82825048938582
958.82625816951395
738.94093848346267
451.31569937760264
761.23228042815003
764.04230340489323
637.65757034669969
679.58131341308251
826.29261917803319
726.24412500632593
667.65506723038879
426.90520851435446
669.35772129782868
311.05105662242369
998.11711022164843
790.80400835151534
334.9977073130226
554.01387893296578
404.57728708950401
562.6615061424468
828.87631476580054
239.89116725773218
454.66873204674096
542.70994904529414
604.83180495590273
293.76093736527753
456.33834270404316
899.00990001766513
323.27188612946441
550.63207737833807
752.72693378161011
895.78054102412091
392.95399624857288
491.78298758036544
449.79777005841191
563.89189413657016
829.1252241090973
406.73773880928684
699.34914503777793
441.30331253466267
304.23176894148418
822.61767838863284
397.820431813607
587.0899403593462
447.59971806229674
719.99054028538205
519.18527948978146
913.33520252914946
486.46823892279588
289.84115874043391
934.79187999079943
545.13156481370891
381.28267135578562
862.05161979817922
778.51789511710297
318.36849854892409
506.91605854266021
971.73293566956693
618.76038251453974
621.87374390548962
394.78842498989047
463.12206917384538
464.04749537332469
698.32010017967605
549.20282907238243
817.42178838320785
999.45850837546425
288.58790567154426
969.87409784525948
948.03655617718914
981.26563149323749
961.96069871302586
451.12709225272056
622.46333730654067
359.48710050044332
814.41720941550659
794.87910858963323
430.08686548677537
1023.6006017741653
599.40492176925818
588.15572039864571
298.38752417151477
619.71945738345858
751.69927260089878
498.70657478075969
708.03634302378384
300.98205203910879
845.22671189793516
673.86557316945743
970.67628800286593
706.39769919842638
742.73468471582157
368.42555421215826
791.69895933312057
626.24992877949865
447.71769265476604
744.40596016565087
460.19073450779666
740.67298439288697
957.8851968313279
892.13721492229956
643.24016696699368
742.44576018754003
598.60856558053035
979.43046614055231
382.93140089269787
900.95603736600378
818.94145891980622
438.82132833149296
938.35634026364528
1007.8317941233798
382.16139831618005
299.4552884662404
914.15451726825086
834.44165615204554
703.65113987788004
996.73766937750622
332.95459921867524
513.21124318950638
796.73036996446331
693.73366889160911
549.81845477629111
907.293045740102
312.15370739080282
878.02712200908093
354.59242160784788
857.85412489818555
714.45553889033761
882.9435213386555
776.10499402249297
394.53651557713641
956.18817180613428
367.38929356000756
1091.6118540275384
639.69922667814319
806.43452411743397
506.48677776166431
1016.0087948035867
1061.3753787972828
640.4343140500813
388.00996274406288
799.42399630015746
402.20185366421833
889.85069615222994
612.19036943140247
690.40233084276417
1066.9119538312007
943.54612527302925
925.29908152845132
624.40577045122564
423.1537976483076
426.87097844026579
519.60804284661037
419.85145467272139
703.0514939698877
329.29647253638637
394.75460062540253
589.06730562784242
643.95270675075824
421.81282114490602
584.38560532832457
598.94936926624746
318.70200313067562
712.509431210618
917.10602398774529
722.24304081568403
333.79469956720686
597.25310520973926
427.47631046319998
722.79314090710307
965.94872221095761
687.11751548982852
1083.4633135778338
245.31365975075383
627.58644692021619
1066.8769820137929
572.61049080139321
1093.7638037268634
911.58422512609138
934.46973600757372
892.40241199095135
1032.4499144688218
522.54344364894894
804.72889813137056
663.33779715256674
288.05480329257506
751.3693247185812
624.96847959369404
390.21948390915594
672.26786314519006
906.47405964981351
1027.6193826684798
844.41480794766017
859.75839997416438
322.26677197897919
265.31087065249966
796.73356842012981
779.30755902112583
324.83948144676293
606.82465856054478
272.26949892429928
704.37299793921773
827.2069758632864
939.8525378049867
463.17701661376003
633.09433930127614
507.78312285746671
518.96937258283162
585.83276090753338
913.45305873208065
323.22712328994709
412.47406764366224
985.93939084845533
253.31307197222392
302.25799067034785
478.91990822545739
472.34361034866936
511.19196029103205
349.10941966766171
605.42029998810301
1112.6377905628478
714.32663633321977
807.11702295124257
389.85280940545306
441.79022997532655
797.09146591823105
506.58061512985302
848.30139543140137
930.261303766688
914.63412571826143
909.85683908170768
702.12970571156779
886.27317022675504
366.56191533903166
687.9914483844525
1026.7680234375671
834.76002333080646
956.65112719865465
465.0366465455063
702.72737327875927
617.37004189061736
431.70490283711581
351.95570993812066
400.51564135516776
339.34137212404249
629.57095629109517
895.0092100992556
487.71802355602921
622.94739775007031
298.54703576440795
749.8807126804594
821.88066859588457
885.50059242749944
1111.4182855158128
241.35949674259064
857.14312155373159
634.17652304111493
796.84934210118547
365.8454833216926
677.88594251784787
441.74501506922735
961.83248742729359
463.41839426259276
527.09514286427407
1143.2438775323767
517.56396080694822
546.64017048017945
766.73615757511197
1092.7640107387858
257.33292699253803
715.87007512343905
323.46249713277325
336.58364437936888
455.44808965196165
719.41409363576099
694.34465243361478
793.21660220003605
409.23892157662641
643.48185634121899
1033.7756674311775
551.28980887951252
340.70969727007866
929.26710323344173
500.60894881868148
1000.20095625134
635.64296339577777
746.25245019421084
251.35849291895272
417.28507212937558
437.52323447792077
598.90716133639751
1028.6211680950103
447.70897867826068
971.978844934515
897.25115774309586
738.05076354882135
1066.2592277438225
855.40322446289167
895.59738255680418
626.21964795527106
251.36728323198793
609.02203476383181
486.96053389175756
812.65970945190452
805.41332804291392
858.37660644197013
457.77588038482673
423.15298065361441
879.7788357570962
576.02963041357975
405.04933025202598
475.08340822920405
1167.0706598962252
289.88294421168831
1018.5989513917599
250.99948396735212
803.74433952071251
906.73738030133939
963.8160703561648
852.79697490543742
1157.5828404388717
619.45703916897492
407.66399064194889
852.25777781001455
298.03903724628395
308.3270162256876
1118.6705232380712
1096.5751570546188
485.63557063268235
915.93506864348774
718.68454520000751
389.86606544701147
883.9124039143644
630.81738249554769
693.07070769547056
815.49544069633566
968.76726696225774
1117.4971385919405
751.95410230824973
1096.2373464220709
927.80990509829837
645.81538720543256
904.48551766923947
735.16201670573946
1142.0796695587142
324.33626815187381
588.84549624898909
1114.6806928274898
791.66390841201621
1067.4810139401966
415.34194599654535
399.94733406716114
1104.7593085077594
314.02201956032729
1161.3074773998242
441.2158620788075
381.42495879503622
324.03559572703034
942.8419135818458
1161.2587969344124
698.83205152286985
772.50257036709377
992.35904506065322
414.93008251019836
374.03936560168012
887.52404711725535
1107.6553772289017
754.02346566218228
269.55827201947761
386.32579792203262
332.82793730247829
1021.9282269901227
290.4965313030437
1079.3090576159973
919.63647896655527
984.80861902032564
660.82740408516372
424.06587915196997
429.3359148348033
764.36877988869014
537.22623548719514
532.16767858956428
1151.5733184694482
1198.6649154312554
947.10273591095995
869.20482140083152
842.86194416086869
595.31828287349708
1121.6306696316192
785.93934021031305
920.3489112621279
555.90586275222506
684.28623426365152
1138.8264489717935
453.95931645234157
534.06796885523681
638.65969990841927
389.62915824595893
522.24979914061112
1126.7367832278576
499.19497890489686
479.29988038906401
1091.5799734544439
657.69717459859942
489.00322564339848
859.03134366250572
958.69252198392041
452.61846311985039
399.14781372580944
289.9244112143603
691.53077851142041
257.15497039617594
727.14780818772817
608.24058348963558
370.22127989814817
815.08574054403198
860.13787194764393
701.81211831692951
460.93534316904265
625.56740503719902
1169.8678463044769
652.03983892787016
401.61666733925369
760.4817695131519
1001.4363141226618
713.04744272049209
799.4222187027691
937.73478740370842
964.86821735641172
1104.7443681170728
337.56236483089214
363.17470898676794
383.18579055814354
1006.9164755156387
476.93138908960117
878.66953945335956
1140.5811579467077
925.21505584792135
288.36402103730751
960.69889060833373
704.26359799523698
352.58154453793497
952.2541475057177
973.44479965452967
1123.3711189771834
1111.399948538219
909.86772137091145
566.15869558312909
806.18331125863062
701.97162132045935
529.27880938182227
292.97352629473613
260.1917179794861
1025.5771273739654
664.2253621475686
437.74966106799388
835.27676553790911
636.22392483142664
329.55141171367291
557.29374909845478
726.65685151046921
400.20100901935439
929.8178177275903
802.87852267605513
991.27136317695442
469.65961644475152
1032.7678670920498
327.63749778933732
1021.6500580730162
540.17789586280367
1089.2666924537673
634.33568637144492
568.97098663304689
727.04013502647013
1156.5901955630573
1005.7714055145202
635.36071306203871
970.50476339810746
639.76018479800007
888.28757493944079
1194.8813360925049
565.63025804484585
961.67164027448052
818.08465829454019
1032.9841687455246
310.68851178332437
806.09710795699652
924.42660424018584
936.84393559574289
966.25488128120719
544.49630936029268
449.52294622027557
290.16081821176783
840.88783908550568
485.23425754894544
889.85561996068236
1247.44999286147
684.20758305937386
905.34500713381476
886.50861006021717
978.50073383127483
1196.2009627267882
