1000
0.64255689037963748
0.90642108395695686
0.63595527270808816
0.61736332532018423
0.090213810559362173
0.32347370870411396
0.90428921999409795
0.07444599736481905
0.13104360876604915
0.92280398309230804
0.94306097412481904
0.51992123108357191
0.93351619085296988
0.94174663536250591
0.1092742239125073
0.16098383162170649
0.79863167507573962
0.26801938936114311
0.29572214791551232
0.2753165801987052
0.77259129052981734
0.99428839422762394
0.18330675037577748
0.92483535129576921
0.93720265058800578
0.22078052908182144
0.40546757215633988
0.46435610484331846
0.22176940133795142
0.074692582711577415
0.21846977667883039
0.56393375340849161
0.080215245019644499
0.41514730826020241
0.7713016108609736
0.96362290438264608
0.877192338462919
0.19244635291397572
0.56893124105408788
0.67941047716885805
0.32692406652495265
0.93037006258964539
0.22267296398058534
0.87907019536942244
0.82853219052776694
0.30027416162192822
0.081412792671471834
0.14668895397335291
0.04159837169572711
0.25573330745100975
0.83744341740384698
0.35461506154388189
0.54571006959304214
0.69648152031004429
0.70065854163840413
0.86157835740596056
0.92774081556126475
0.13039948791265488
0.2348565929569304
0.25573220383375883
0.14061486115679145
0.30229874514043331
0.44990380899980664
0.36136735323816538
0.47730620158836246
0.25825272873044014
0.24350669840350747
0.72804769035428762
0.003821974154561758
0.81422470696270466
0.78634387673810124
0.32091784942895174
0.79492023168131709
0.89774258434772491
0.94430727744475007
0.63093270640820265
0.81631209095939994
0.7313705813139677
0.33160273777320981
0.92375874612480402
0.79709825618192554
0.32672778889536858
0.088459959719330072
0.84609730448573828
0.93618991738185287
0.25780359841883183
0.97720184596255422
0.10817968565970659
0.78646402386948466
0.1823200061917305
0.89042321080341935
0.46118415426462889
0.16040293266996741
0.079890793189406395
0.36502886610105634
0.68832480255514383
0.40096843196079135
0.67572757974267006
0.19588108221068978
0.82836229261010885
0.86146013950929046
0.018642755225300789
0.74280642392113805
0.35028647352010012
0.93810827611014247
0.68209928274154663
0.024711961392313242
0.49792087357491255
0.49915081402286887
0.55705737881362438
0.19456085609272122
0.52319906745105982
0.054145000409334898
0.70536806806921959
0.4889573217369616
0.026862918399274349
0.50726325577124953
0.24246361292898655
0.24609096022322774
0.12533269543200731
0.83832344738766551
0.71809481829404831
0.085790472570806742
0.66249906551092863
0.55530353775247931
0.96386521123349667
0.84543674485757947
0.18518696073442698
0.26209060801193118
0.87631209567189217
0.36548530915752053
0.90104132052510977
0.18521425640210509
0.10428448207676411
0.71834817947819829
0.33758470881730318
0.0033143716864287853
0.10936789214611053
0.97438506269827485
0.92119680624455214
0.82309328159317374
0.56810603849589825
0.098753944505006075
0.1947657773271203
0.6455022762529552
0.58476937934756279
0.072871050331741571
0.89276151265949011
0.16591250663623214
0.68342054821550846
0.8342301812954247
0.59248074609786272
0.25202025799080729
0.048026658594608307
0.12833142513409257
0.16021404694765806
0.94323659827932715
0.97936848364770412
0.86646924214437604
0.7110846871510148
0.31531140161678195
0.037496510893106461
0.08312992611899972
0.30130938347429037
0.053941746708005667
0.83848387189209461
0.086748440284281969
0.071630914695560932
0.081114690285176039
0.97422614693641663
0.8975746282376349
0.06067261379212141
0.07793441554531455
0.024038044735789299
0.56639879988506436
0.40696473512798548
0.24768375558778644
0.12679695710539818
0.46788669237866998
0.15839269664138556
0.16287009185180068
0.08238338865339756
0.1622738060541451
0.40781719703227282
0.040005627553910017
0.45116826146841049
0.91916911536827683
0.97361620794981718
0.28587203612551093
0.62029709480702877
0.49721815483644605
0.34389884117990732
0.65901948465034366
0.30552105978131294
0.27337547997012734
0.10314109083265066
0.89025003230199218
0.4573249090462923
0.31553650321438909
0.55999345052987337
0.10583540378138423
0.040101781487464905
0.49227870488539338
0.79501040559262037
0.8972191377542913
0.65312488190829754
0.21346221910789609
0.84705180022865534
0.38095311028882861
0.46206603571772575
0.89543979475274682
0.25710607971996069
0.09261843329295516
0.40981111861765385
0.74462613137438893
0.6882854076102376
0.058480727951973677
0.17532236129045486
0.95317659014835954
0.84074265789240599
0.88862977316603065
0.8492975290864706
0.90052527980878949
0.38026028219610453
0.2353535289876163
0.79537597671151161
0.45453251758590341
0.099261051975190639
0.46049653505906463
0.66564157791435719
0.96599166514351964
0.028990675695240498
0.85555268405005336
0.039172530174255371
0.050245339516550303
0.72162229102104902
0.25824237009510398
0.65238803438842297
0.74966099904850125
0.42103283200412989
0.40932401223108172
0.68994184955954552
0.1707159043289721
0.34100127127021551
0.89338995283469558
0.10491272248327732
0.18944145413115621
0.76957873720675707
0.0073967310599982738
0.43704169243574142
0.31897689634934068
0.21838050615042448
0.4006797312758863
0.097766270861029625
0.33298241393640637
0.33554986957460642
0.83020220650359988
0.59080149605870247
0.73866158584132791
0.80114387627691031
0.87478867685422301
0.63701786287128925
0.69314322294667363
0.92369094956666231
0.95209270296618342
0.67236612737178802
0.45697257900610566
0.15667037945240736
0.4820490344427526
0.68759898655116558
0.97846193658187985
0.25366368982940912
0.54056013328954577
0.87853963300585747
0.70265056798234582
0.28092788066715002
0.84716707235202193
0.075647184625267982
0.19862407119944692
0.20614054519683123
0.43045480875298381
0.42162898927927017
0.69894308084622025
0.28206686209887266
0.81494183233007789
0.26584980450570583
0.14493135409429669
0.943898462690413
0.073204189073294401
0.74428785219788551
0.83157323161140084
0.43901417311280966
0.58698387956246734
0.013787748292088509
0.24577047349885106
0.90791263151913881
0.86103163240477443
0.60936030745506287
0.19170847022905946
0.13506678026169538
0.23343405267223716
0.89327922277152538
0.79708182858303189
0.68845023307949305
0.82617514533922076
0.064724620431661606
0.49392933258786798
0.66648551728576422
0.57968221371993423
0.69872348941862583
0.56782827945426106
0.77116419095546007
0.71510613290593028
0.28313698619604111
0.36919819051399827
0.92608883511275053
0.46808599820360541
0.72244461439549923
0.78046389715746045
0.15818692091852427
0.43774814857169986
0.27707527950406075
0.032828001771122217
0.9618465518578887
0.3946895650587976
0.90703521855175495
0.46640271367505193
0.86422408092767
0.89169564424082637
0.4885828047990799
0.32745106006041169
0.4104736028239131
0.52094234665855765
0.87270022742450237
0.19648747192695737
0.28764832112938166
0.16143272025510669
0.25411204621195793
0.14098774502053857
0.8060237905010581
0.060417798813432455
0.81960062123835087
0.18645837577059865
0.4565930338576436
0.09255187539383769
0.14436841756105423
0.19961527222767472
0.76348353456705809
0.040532150771468878
0.30519718490540981
0.77742184000089765
0.15004610363394022
0.24097275687381625
0.17915401235222816
0.23573644319549203
0.037365621887147427
0.4392631552182138
0.89659425802528858
0.29131924035027623
0.89394365716725588
0.19716091034933925
0.91721135377883911
0.53094839537516236
0.4553029565140605
0.69686883827671409
0.69788348488509655
0.26139566348865628
0.83226381335407495
0.28534652991220355
0.42106714472174644
0.8340113521553576
0.72664230968803167
0.60260624950751662
0.75248756445944309
0.037668657023459673
0.47312043327838182
0.63774320809170604
0.09687601774930954
0.65381737286224961
0.12603806983679533
0.55645021190866828
0.32050400041043758
0.76739697949960828
0.30985687021166086
0.64376668585464358
0.40926428511738777
0.92735910275951028
0.052045992575585842
0.20581207191571593
0.0310488510876894
0.75054935039952397
0.31713971961289644
0.77425360260531306
0.47117368876934052
0.062698523048311472
0.46071695070713758
0.45725844940170646
0.90960047952830791
0.17027320014312863
0.32205256912857294
0.78068024618551135
0.50870515033602715
0.35693570086732507
0.17419068422168493
0.86322998767718673
0.2803433034569025
0.19836342008784413
0.25018974859267473
0.26938130287453532
0.20096252113580704
0.78917753929272294
0.064289550296962261
0.38376010349020362
0.54351154528558254
0.47573111252859235
0.24675008002668619
0.65076860738918185
0.89489633217453957
0.18850652733817697
0.11111227329820395
0.52319373702630401
0.82773298211395741
0.96787234069779515
0.67263062763959169
0.46354989288374782
0.69514754414558411
0.77694948995485902
0.33662769477814436
0.84190610190853477
0.51737269572913647
0.19533687876537442
0.97552044782787561
0.073947540950030088
0.42889129742980003
0.087446338031440973
0.61326852347701788
0.84302143519744277
0.6548768226057291
0.83919696183875203
0.43599433917552233
0.74991733161732554
0.48568066209554672
0.25681881839409471
0.34752508532255888
0.2341317473910749
0.21811630390584469
0.72151603596284986
0.78860659245401621
0.11036719335243106
0.53229038789868355
0.69373926380649209
0.038539073430001736
0.56401557242497802
0.2727306354790926
0.16081750812008977
0.71798474062234163
0.94937595305964351
0.10256065428256989
0.121699342969805
0.71169729810208082
0.23435671767219901
0.99947161786258221
0.70255349623039365
0.22992330882698298
0.43541208608075976
0.062240820378065109
0.99697881052270532
0.22722543682903051
0.88646301394328475
0.59654710628092289
0.22457357915118337
0.89747756440192461
0.6855524661950767
0.94883317500352859
0.30161425704136491
0.46378178428858519
0.16298506548628211
0.056964760646224022
0.4175935466773808
0.98205726686865091
0.7147011156193912
0.18643668666481972
0.71136785903945565
0.37705100234597921
0.84463499998673797
0.82087579555809498
0.64066414954140782
0.42952041793614626
0.75980795500800014
0.17559075355529785
0.13869612896814942
0.93333787005394697
0.36190521856769919
0.30291873030364513
0.15163984941318631
0.74126701150089502
0.97908755345270038
0.25811895355582237
0.6507186652161181
0.91816103365272284
0.68178714578971267
0.29456313885748386
0.71264756890013814
0.72033278364688158
0.5262378784827888
0.55697279423475266
0.76218690210953355
0.61984675657004118
0.56948997965082526
0.24145339988172054
0.57055544154718518
0.092482962645590305
0.99965904606506228
0.69107546284794807
0.10345285991206765
0.38812266942113638
0.22515944158658385
0.39575244672596455
0.81244156183674932
0.0023060189560055733
0.2666720706038177
0.36516557633876801
0.46343789482489228
0.067711520008742809
0.29559652647003531
0.84348551742732525
0.096062735188752413
0.38430741522461176
0.66273761494085193
0.83464093133807182
0.20760144898667932
0.30692492332309484
0.26097625261172652
0.40688390471041203
0.75532322796061635
0.20900335628539324
0.56567474035546184
0.2454022541642189
0.070909800473600626
0.74125711154192686
0.19656641175970435
0.42172870598733425
0.280743517447263
0.60401453915983438
0.3448796565644443
0.84869695082306862
0.32580481329932809
0.051978684030473232
0.90944631909951568
0.3896945733577013
0.17492904188111424
0.85015990305691957
0.6855444717220962
0.090962857007980347
0.32517268741503358
0.89973035734146833
0.45022556325420737
0.50569346360862255
0.18303895043209195
0.25255037937313318
0.28787594242021441
0.57867198809981346
0.42031270870938897
0.73311671521514654
0.99976275628432631
0.060218388214707375
0.898254853207618
0.88668264169245958
0.94131422368809581
0.91817428916692734
0.25390599900856614
0.47229995857924223
0.13088428368791938
0.71668716333806515
0.74224957125261426
0.21953285578638315
0.97375161899253726
0.43054138496518135
0.42798426607623696
0.067593655548989773
0.44510305440053344
0.66378615982830524
0.32065588654950261
0.60565042961388826
0.075751330237835646
0.74141032993793488
0.54689855361357331
0.93305649142712355
0.58433725079521537
0.64281405322253704
0.15353529201820493
0.65825176332145929
0.49976620776578784
0.24582735821604729
0.63528799125924706
0.25508601870387793
0.61762907868251204
0.85002557374536991
0.78084674151614308
0.49531399924308062
0.63435750035569072
0.44809163361787796
0.93104854458943009
0.17601240705698729
0.80286351731047034
0.71397525630891323
0.24291539983823895
0.86066877190023661
0.95341360522434115
0.17659899964928627
0.053301765117794275
0.852692193351686
0.72348706936463714
0.54786119051277637
0.93590139271691442
0.12009595800191164
0.34036881802603602
0.67368572950363159
0.54536354029551148
0.39010203164070845
0.8002265109680593
0.076868770644068718
0.84226855682209134
0.13241742644459009
0.7874220828525722
0.5604722760617733
0.7927128435112536
0.649932443164289
0.17780764168128371
0.84051444567739964
0.13625318976119161
0.99559078831225634
0.46975574223324656
0.67670702189207077
0.31596048409119248
0.93418156635016203
0.98667403450235724
0.4699894692748785
0.16433280007913709
0.66780314687639475
0.19475428713485599
0.79561002925038338
0.43881785729900002
0.54374890681356192
0.97970578586682677
0.84050364978611469
0.80069485725834966
0.4635648475959897
0.22622310696169734
0.2137167900800705
0.33106569433584809
0.21202908735722303
0.54393826564773917
0.098629100248217583
0.17770554171875119
0.42480322811752558
0.4836072395555675
0.2157219760119915
0.42652281234040856
0.41350559797137976
0.087280867155641317
0.56464398838579655
0.79137849481776357
0.56695636827498674
0.11621012119576335
0.41432318836450577
0.21601486438885331
0.54734454583376646
0.80023575713858008
0.50987628661096096
0.98184356885030866
6.6840089857578278e-05
0.45241233659908175
0.96506470814347267
0.41534308949485421
0.99598840530961752
0.79261662578210235
0.8090475220233202
0.78881557704880834
0.92487545777112246
0.32389036891981959
0.65618124604225159
0.50825306260958314
0.058749767951667309
0.60526743670925498
0.46761652640998363
0.18206304358318448
0.50391502771526575
0.76483534974977374
0.87344169244170189
0.66440344462171197
0.7604050925001502
0.09678117698058486
0.024123186245560646
0.66687695356085896
0.60760409850627184
0.086171809118241072
0.43999286741018295
0.032334732357412577
0.53478845488280058
0.70521860709413886
0.82753219269216061
0.26453950302675366
0.4353407109156251
0.32477642549201846
0.33120327070355415
0.40743800858035684
0.78338529821485281
0.084827010985463858
0.18957679159939289
0.86779284896329045
0.011596147902309895
0.067696775775402784
0.26450683176517487
0.27492369199171662
0.30892618279904127
0.11775894602760673
0.41210253350436687
0.97130785929039121
0.55700868461281061
0.65137008531019092
0.16424665972590446
0.22779028723016381
0.62398053612560034
0.30079099303111434
0.68941102363169193
0.7771528628654778
0.73447733838111162
0.73584197787567973
0.50151879340410233
0.75979313487187028
0.13455040287226439
0.50704250624403358
0.88560367189347744
0.67526239948347211
0.7702556187286973
0.25398522568866611
0.50901595130562782
0.4334131614305079
0.19866419490426779
0.12269436335191131
0.18692544288933277
0.098905969876796007
0.45004527736455202
0.73571849940344691
0.27087128162384033
0.42282562935724854
0.059970441274344921
0.55870771547779441
0.6291086059063673
0.75515678571537137
0.99009005818516016
0.0072251181118190289
0.68750211223959923
0.43186888704076409
0.65633153822273016
0.13754273718222976
0.49971648491919041
0.23036051960662007
0.78326944727450609
0.26517179934307933
0.31545370072126389
0.98701311880722642
0.30341749917715788
0.35487737646326423
0.61548720858991146
0.97060405509546399
0.020192422904074192
0.52592740906402469
0.08224298432469368
0.1053290949203074
0.25329970475286245
0.51632610475644469
0.47467746026813984
0.637184236664325
0.18529120553284883
0.44978171167895198
0.87620232999324799
0.3374569215811789
0.12804465275257826
0.74915866693481803
0.28440622799098492
0.83707661973312497
0.4279150078073144
0.54016412002965808
0.011323284357786179
0.18557479092851281
0.22830770816653967
0.38901883130893111
0.86299855448305607
0.22840422065928578
0.80842378456145525
0.71786244539543986
0.56710032373666763
0.896367731038481
0.71692685317248106
0.74164313962683082
0.41732928715646267
0.00090626673772931099
0.41928198281675577
0.27024164749309421
0.60337460413575172
0.62899635592475533
0.67751643713563681
0.21957965707406402
0.19516682811081409
0.73140694620087743
0.38115229178220034
0.17546258447691798
0.25017771124839783
0.9980656155385077
0.048060926608741283
0.85390672227367759
0.012516884133219719
0.61428415821865201
0.71398939285427332
0.80170076293870807
0.67257541045546532
0.99159354576840997
0.42950865533202887
0.1809516972862184
0.65596621669828892
0.066938262898474932
0.083133709616959095
0.98136508790776134
0.91051139682531357
0.26398001844063401
0.76936557423323393
0.50400971760973334
0.16002639196813107
0.71026083128526807
0.42040515784174204
0.46031661285087466
0.59365104511380196
0.80397549131885171
0.92028900142759085
0.53006244217976928
0.95947753079235554
0.72410339536145329
0.42019689548760653
0.72208728967234492
0.53122515976428986
0.97764975810423493
0.073681372217833996
0.38149680336937308
0.91671205870807171
0.57774619804695249
0.91056907270103693
0.18709871871396899
0.17687372490763664
0.94636069843545556
0.06828398909419775
0.98282375698909163
0.22407845593988895
0.13536694319918752
0.099342581816017628
0.78688089875504375
0.96848965436220169
0.45972302788868546
0.57377077173441648
0.82239703228697181
0.18122500739991665
0.13650954561308026
0.69519280735403299
0.91329097701236606
0.54306254163384438
0.023577047977596521
0.14934200700372458
0.089131881948560476
0.84744355268776417
0.051552881021052599
0.9037433760240674
0.7427319991402328
0.82652240991592407
0.44295739615336061
0.1773180989548564
0.18422383209690452
0.56901323609054089
0.3121795360930264
0.29865990672260523
0.93537165923044086
0.99858346208930016
0.74006179580464959
0.67173331882804632
0.6078674322925508
0.38154425658285618
0.91684455843642354
0.56774376053363085
0.70936104981228709
0.332587830722332
0.44721980625763535
0.96192955505102873
0.22097500553354621
0.28732161782681942
0.4112442065961659
0.13402579072862864
0.29005341185256839
0.91034932807087898
0.27486157277598977
0.25115006323903799
0.88189539825543761
0.40764887817203999
0.24378470005467534
0.65186009276658297
0.73422288475558162
0.21199719607830048
0.15448657656088471
0.050133216194808483
0.45813273033127189
0.010191900655627251
0.49605096923187375
0.37801775429397821
0.12928325636312366
0.58081985637545586
0.65663238475099206
0.48570625390857458
0.21306514507159591
0.41132260300219059
0.988275405485183
0.41778060514479876
0.16750671295449138
0.5631086602807045
0.78384340042248368
0.48437903355807066
0.56766355922445655
0.75346270762383938
0.75980661110952497
0.84603496734052896
0.095242589246481657
0.12300163879990578
0.13863961258903146
0.83093777950853109
0.23721041297540069
0.65742749162018299
0.92457814933732152
0.70336540509015322
0.037136118393391371
0.73232725262641907
0.46648534620180726
0.10203883331269026
0.74301841994747519
0.7497695367783308
0.90157729433849454
0.86714847479015589
0.69534718198701739
0.33544814214110374
0.57375801214948297
0.47480240371078253
0.29914931720122695
0.065122479572892189
0.020313781220465899
0.79764647502452135
0.4237690600566566
0.18910487741231918
0.62071685725823045
0.41040631663054228
0.074132615234702826
0.32354476116597652
0.50128855602815747
0.15910119656473398
0.67724718106910586
0.57725970819592476
0.78947171429172158
0.21267976518720388
0.8276843479834497
0.082863377407193184
0.81146252574399114
0.31582767236977816
0.83579787192866206
0.40094031393527985
0.32695175195112824
0.46169705968350172
0.92242582282051444
0.76601762883365154
0.39472530828788877
0.70330792758613825
0.40382710797712207
0.64308355376124382
0.96287422487512231
0.32237137760967016
0.71060237055644393
0.56340287066996098
0.77736398251727223
0.074284729547798634
0.58434926299378276
0.70837921649217606
0.70271322363987565
0.72804851364344358
0.29580209543928504
0.21021426282823086
0.048531838227063417
0.61985533777624369
0.22820585919544101
0.63811377063393593
0.99566842475906014
0.43910062965005636
0.66967462515458465
0.63879051990807056
0.71571712614968419
0.96556525398045778
