100
33.104733815545487
67.145052543044741
27.034542120137896
29.902752073786871
61.412987648599461
25.917823189715758
62.263245700596109
55.17174933960645
33.370477264784704
27.805397592883178
79.627012528291175
74.905989165337047
34.060906261233839
29.094331874806585
80.411105808835316
41.572016077017743
27.249133100203924
77.649139532707281
86.642716638727578
32.517077240314009
58.276127068905815
51.291319901610208
89.082899213993201
45.105482599453005
61.64314896037402
81.328489637007991
40.207105301596201
39.641771283365365
22.852078169171559
40.116049827998786
45.054128308387249
42.567620181346129
58.394225399905451
74.56363109180819
60.29756175600258
87.403059765194499
60.754684730198022
52.520883844750863
92.874543133269697
32.413784282638588
40.408767532209545
63.482457149123427
38.648030879486136
45.348057817983729
71.821592327311834
41.821987445382959
42.919660028522799
39.310074368576991
24.305600117714885
33.53341770888359
64.326965271964383
55.592842680251245
67.352066391840523
63.167826185743962
49.246186105477427
76.452430502191561
36.610504980000272
104.5842801784183
96.8862827713954
39.646554766492351
48.807947753691785
68.770185866442887
46.772092697541453
67.942275755289913
33.12449802660884
44.806979397194837
54.913071369516572
35.976017046637764
57.597667446329481
89.303858558476492
93.541118274054242
84.814932073829368
26.714788640648745
57.400691600037277
104.19620170914591
68.93671737668366
92.516468024718975
72.340889758028396
26.754277436223212
22.474072553128966
102.1773139904177
64.956337829079018
46.750516381964815
26.13786292400011
63.551439081760996
40.041633216037845
68.702976914115183
37.004304081097281
31.030806491061114
125.79919722466879
47.250373908584848
29.329397622681107
77.205142285698173
48.391411759618926
56.269713042241236
85.21950430634007
67.400050689507481
62.256429645085646
34.874804110282419
74.433323701553874
