100
0.19891695072874427
0.86567968688905239
0.030689605046063662
0.22489094082266092
0.71134638739749789
0.022297952324151993
0.77615173021331429
0.69107551034539938
0.15875940537080169
0.08404514379799366
0.97105490090325475
0.98992191720753908
0.22205419419333339
0.12194281816482544
0.96194290602579713
0.29640603344887495
0.10882419487461448
0.98544728569686413
0.9716031257994473
0.19205127749592066
0.59766962332651019
0.53084316477179527
0.92365149268880486
0.38062685634940863
0.66649336880072951
0.87893381156027317
0.33547682734206319
0.23001788277179003
0.048531267326325178
0.17077862471342087
0.37329454952850938
0.35901736747473478
0.55986675014719367
0.79022722505033016
0.66305976407602429
0.98779008630663157
0.54217986715957522
0.5220005102455616
0.95098972180858254
0.2707583224400878
0.26448068534955382
0.61406858451664448
0.20744565548375249
0.33065948355942965
0.6275770622305572
0.21307556331157684
0.26792399073019624
0.21252559404820204
0.015026794280856848
0.14156125299632549
0.60490693198516965
0.47633466217666864
0.63432414038106799
0.48572970554232597
0.32432242343202233
0.64708392228931189
0.19207072025164962
0.96251464821398258
0.98036348493769765
0.24103495199233294
0.24688078789040446
0.53469178825616837
0.30241692299023271
0.58688066434115171
0.08377088000997901
0.24278799258172512
0.42785141663625836
0.16058417502790689
0.45378383947536349
0.72253734245896339
0.73441497841849923
0.6526395445689559
0.022597213741391897
0.37663406319916248
0.86599179031327367
0.4865043954923749
0.87186602829024196
0.66953232884407043
0.045468414667993784
0.0069544045254588127
0.89704993506893516
0.51404294185340405
0.26845938013866544
0.057109669782221317
0.44547473592683673
0.21847688779234886
0.47164214262738824
0.16288295295089483
0.038378281053155661
0.96308576501905918
0.26945142121985555
0.043599796481430531
0.52069074241444468
0.27454908937215805
0.35288290912285447
0.66754051577299833
0.48229926219210029
0.46725847385823727
0.14415635960176587
0.57115406636148691
